100
10586345805377636665510217552035027
1122333455566778899
112222222223333344444444455555555555566666677777778888888899999
67633531270642156349726067836494233
73935305907313788210955622855493688611077773069185
661258756630313628859052
38209043440779197159584503421633433222170117292101425790238897859590605375
111111111222222223333334444555555556666677777777788888888999
12566667777999
71521242526437985315286802335939741263859485217978180
445200921669172238098087404277951759471522320276091781905535780681
11111111222333333333444455555555566666666666666677777888999999
46308301381547916552361788150
11112222222333334444445556666667778888888999
7646934392549
1909686803167351070323195224344
289
45160431650332730138099233866945547825859015054052327337586917241677606272
46970395442164219135946962095889210405601744709194718166273
15840482032409837846807128034171528883741848082228330479101216736366
72799953287986732202
1514432113678279202092289052521767152852403928063403431600140279778338
54729322117108966158019117
7368115189367149120386847009660012686545541697399
11222233334444555556666778889999
1334467
111122233334455555555556677777778888888899
99928618869
101177640
11112222233333334444445555666677777888888999
684996919416212940061633051714626601702496621598738078001375761068655567425498
11111111111111122222333333344444445555556666666666666777777777777888888999
1111222233334444455555566666667778888888899
1112222333444444444555555666666777777888888999999
1
1122344556799
1111111111111222222233333333344444444455555566666677777777778888899999999
327867487398
479
1133445555666788889
35403344128036819
11333445556667799
92408826788059896649415914018
895664192461522276394742695075
11111111112222233333333444444444455556666666677777778888888999999999
22233457
277389469229629770285853951019307437751566502839973355839
1112222233333344444556667777788899999
461
1111222222333333444444555555566667777777777888888999999999
67867330830670728128600476484504715092775
16705801277904246343063
11111222222333344444445555555555666666666667777777777777888888889999999999
285183317340491790479612908701898328195263068
787300
1112333444445666667777889999
111112222233333333344444444555555555666666677777777777788888888889999999999
1389398042608793012824367048774889282299564674
111111112222223333333333344444444445555666666777777777778888999999
9
1226400933579766325078181846163363401827836943050534431561681169133
11111111112222222222333333333334444445555566666666666677777777778888889999999999
11111122222234455555566777788999999
1012911902523898797047046473507477894218667254638458287758307276709234
11111222333333344555555555666666777777999
23
36
111111222222223333333333333444444445555555666666666777888888888889999999
532043398785732721740148311522515205967869671691071130358215980892507
135983691459850243227723482566838950791659602
8312279266373
1112223345556677888889
1112222222333333344444445555666666666777888888999999
1111111133334444455555556666677778999
4
1111222233333344444444555556667777777777888888999
4
1111222222222222222223333333334444445555555566666666677777778888888889999
9359513827670488168804056991562737
112222223333334555566666666777778888889999999
20239810453731308658378505177
1120
122334444455555567777777888888889
11111111222222222233333444444445556666677777777778999999
8856254492498174526770481611057825834576897776397871069
1111223445678888889999
2429348483744744331086739487949373663
610150834374593917481609439609885565359102741635484287657819366220
7583670873370382
1111111223333333344444555555555666667777777777777788999
111111111222233333344444444444455555566666777778888888999999
6777
112344444555556666777889
167717025450439765132735566069412797531593022621589285234545889116624
1111679
1111111111222222222333444444555555555555556888888899999
3947243051803341293536210703
92786214142373475185649
11222223333333334444555556666666666666777777777779999
4678
