100
7.6094
7.5781
2
4
0.4688
6.
1
3
9
4.
8.
3.
9.
7.
1.
6.00000
1.500000
10
8.75000
2.031
0.125
7.718750
6.50000
10.
5.
2.000000
8.63
2.7500
3.06250
2.40
3.593750
7
2.
1.00
4.2
8.2
9.3
0.500000
3.0
5
2.625
3.437
4.312500
0.071
6.524
0.93750
9.28906
5.750000
8.00
6.75
4.9
5.25000
7.35938
9.25
2.7
5.32812
2.3750
9.781
2.15625
0.500
3.921
2.062500
7.4
9.04
3.0000
3.00000
6
8.0625
6.375000
9.50000
6.500000
1.8
9.62500
2.6875
6.657
2.36718
0.3125
0.375000
7.2
2.500
4.50000
4.00
5.0000
6.000000
0.85157
1.984375
5.12500
1.34375
0.3672
0.54687
3.62500
8
7.96875
8.4
2.2
0.3
8.01562
8.000000
3.2
6.3
