100
14 18 85 56 77 68 97
33 37 333 264 547 195 746
32 40 488 606 71 386 846
6 11 223 375 340 64 391
8 28 404 731 119 77 925
3 95 60 24 83 136 155
12 44 242 34 243 222 314
17 22 268 384 207 284 412
27 44 366 268 365 80 577
15 97 146 426 161 178 447
11 11 568 853 148 896 985
5 66 923 751 769 546 955
28 29 254 218 536 17 580
56 77 252 380 442 41 591
5 6 86 214 53 485 704
27 37 31 32 163 108 195
17 32 93 317 1 255 434
46 48 98 12 382 645 763
8 86 677 497 86 711 858
69 75 454 494 291 244 513
28 42 517 197 881 141 881
50 70 641 647 834 673 987
33 98 128 692 483 337 801
87 99 115 393 393 343 465
7 14 391 447 349 28 785
15 34 52 394 343 138 583
72 75 65 467 332 2 865
4 72 17 14 21 13 22
17 42 62 42 121 74 198
8 17 148 577 383 114 803
16 64 109 13 95 48 125
5 56 237 299 160 312 378
41 56 129 244 240 241 489
79 85 198 219 221 160 362
16 71 235 603 69 689 766
91 94 42 70 391 46 619
14 56 572 350 352 285 612
4 13 557 863 287 730 999
41 83 67 95 416 354 594
39 89 39 146 47 56 211
12 23 120 64 80 175 268
52 75 323 170 159 273 425
49 54 611 7 114 423 656
53 77 583 691 168 491 771
38 60 26 93 133 178 366
15 51 159 215 161 11 239
49 84 5 88 104 31 184
40 62 294 236 196 22 307
11 14 344 56 309 192 481
56 71 190 552 95 196 706
2 9 122 120 109 112 197
1 13 136 500 280 296 883
15 21 2 33 3 29 40
37 41 3 330 883 932 940
36 36 10 23 12 19 27
7 58 44 124 179 93 181
43 91 194 361 55 70 475
19 70 36 80 218 45 531
2 64 140 39 64 19 240
2 15 68 104 69 81 144
5 50 88 98 25 30 295
3 21 146 144 162 94 174
34 48 391 501 237 342 509
77 90 540 66 602 283 753
17 46 464 45 95 436 777
5 66 442 83 2 471 523
5 22 792 687 569 659 967
19 78 82 181 36 135 219
6 13 2 1 2 1 2
21 41 280 102 104 267 280
6 9 283 772 146 342 794
10 79 130 330 416 98 534
47 50 114 33 118 282 316
89 90 17 102 85 95 108
4 27 188 208 200 256 539
68 73 235 475 149 223 496
32 83 254 482 628 485 728
75 81 154 184 138 305 322
4 9 217 110 166 36 310
69 74 133 4 57 29 140
1 11 181 279 106 331 407
7 10 256 80 325 56 512
20 22 20 850 120 132 986
8 57 471 384 275 373 864
79 97 611 673 84 336 722
16 40 34 158 157 124 253
41 52 119 30 65 252 279
48 59 554 269 733 163 783
61 73 113 117 183 191 344
1 2 126 256 122 305 500
28 30 169 277 82 367 570
12 14 209 82 369 249 515
62 72 396 765 71 139 837
53 68 391 781 320 611 911
1 1 1 1 1 1 1
2 3 1 2 3 4 10
2 3 5 6 7 8 9
34 66 11 17 14 32 36
66 96 167 164 77 248 279
2 78 6 6 9 8 9
